87
147
213
226
259
320
356
388
502
514
521
522
541
563
624
693
745
755
821
906
957
1206
1290
1298
1379
1388
1412
1450
1499
1516
1568
1594
1597
1613
1630
1680
1684
1685
1707
1736
1738
1756
1796
1797
1802
1816
1827
1840
1948
1959
2000
2034
2040
2055
2208
2241
2242
2308
2311
2315
2448
2459
2493
2525
2528
2564
2599
2613
2622
2716
2749
2803
2810
2854
2930
3067
3074
3075
3138
3141
3152
3201
3261
3272
3318
3320
3343
3355
3399
3500
3545
3556
3711
3761
3822
3823
3827
3859
3904
3928
3937
3939
4126
4183
4293
4340
4341
4362
4369
4382
4391
4401
4431
4458
4489
4534
4553
4617
4623
4651
4675
4680
4689
4704
4733
4734
4739
4740
4782
4854
4959
4981
5006
5023
5024
5048
5068
5197
5225
5266
5269
5312
5318
5368
5376
5379
5427
5470
5500
5546
5569
5605
5615
5688
5717
5747
5767
5787
5821
5891
5894
5925
5970
5979
5998
6019
6031
6032
6037
6064
6089
6119
6128
6156
6217
6256
6276
6315
6343
6357
6364
6421
6480
6491
6498
6554
6560
6561
6604
6607
6639
6661
6689
6710
6718
6745
6747
6764
6793
6821
6898
6913
6936
6948
6966
6997
7033
7052
7071
7108
7141
7163
7227
7292
7318
7329
7336
7354
7392
7408
7431
7503
7516
